0 1420680,7142857143 213136092367,23813|~|2 1482005,5714285714 175759184745,61905|3 1379471 198815757862,66666|4 1465490,4285714286 192732033776,9524|~|6 1482217,142857143 175508720070,8095|7 1383821,142857143 201823975901,4762
0 1975053,4285714286 725220132289,619|~|2 1980933,2857142857 707393746039,9047|3 1709750,7142857143 858066398493,2382|4 1902808,857142857 891571253069,8096|5 1663084 745553883684,6666|6 1831088,4285714286 960346649589,6191|7 1796009,2857142857 959018600013,2382
0 1753067,875 732176418484,125|~|2 2048361,375 793221093825,9822|3 1885342,375 981314418830,8392|4 2031760,75 837375931848,2142|5 1765510,375 770947870609,125|6 1916876,875 987577161520,9822|7 2058681,25 762914444173,9286|8 1903319,25 987391493720,2142
0 1791126,857142857 509829034485,8096|~|2 1662853,7142857143 572377669921,238|3 1728388,7142857143 578795861991,2382|4 1476290,5714285714 115139142498,95238|5 1714731,2857142857 584071116616,5714|6 1791922,2857142857 508482962001,2381|7 1691869,2857142857 585109219071,2382
0 1926498,125 499422487906,9821|1 1684469,875 524102730917,8393|2 1908626 542451030529,7143|3 1786431,75 660600127165,0714|4 1712451,625 582854572331,4108|5 1678811,375 510263949257,4107|6 1804233,75 662502326814,2142|7 1893142,75 574416116102,7858|8 1810077,75 661705422277,0714
~|1 2407044,4285714286 828069513611,6191|2 2365205,1428571427 866160473504,4762|3 2130298 473265278880,6667|4 2194212,285714286 682168397375,9048|~|6 2422736,4285714286 805357383571,619|7 2356042,5714285714 870140639557,619
0 1983674,142857143 484078501619,80963|1 1875969,2857142857 323599556935,23804|2 2124130,5714285714 368035647636,9524|3 1892296,7142857143 361852174999,2381|4 2050246,4285714286 474984816154,28564|~|6 2120346,5714285714 375988833610,2857|7 2033383,142857143 485112051147,8095
0 5215088,5 34476241416,57143|1 5234322,375 41920742959,98214|2 5277846,875 30671263898,69643|3 5242759,375 42785002723,69643|4 5282123,125 27463529038,69643|5 5214543,625 34154498099,982143|6 5228763,25 40550991237,35714|7 5251161,25 42190460843,07143|8 5245075,625 42766083593,69643
0 1661647,5714285714 165104637983,95236|1 1475815,142857143 74366689481,80952|2 1584402,2857142857 205673990783,23813|3 1668111 156660278433,66666|4 1606727,7142857143 205392325734,5714|~|6 1607100,4285714286 205308664173,9524|7 1565001,4285714286 198363185186,9524
0 1675090,875 462399459709,5536|1 1645590,875 426948879852,4107|2 1688396,25 472530580899,6429|3 1696267,875 476809676090,4107|4 1852433,375 298214303800,2679|5 1591864 316391735072,8571|6 1801456,125 411667494478,9821|7 1757159,875 466843308473,2679|8 1760558,75 464039405085,3571
0 1855569,875 592524894462,9822|1 1631925 606780881425,7142|2 1820443,75 662875281838,2142|3 1606765,75 543998884335,3571|4 1797422,625 695213237005,9822|5 1599976,125 524824974605,8393|6 1789163,75 704157356763,9286|7 1809785,25 679202678644,5|8 1754786,875 726310900340,9822
~|1 1390656,857142857 123644709431,14284|2 1625845,5714285714 314566517498,9524|3 1580818,5714285714 357930280154,9524|4 1516004,4285714286 353903852762,95233|~|6 1613457,4285714286 330270850576,28577|7 1529978,4285714286 361402729698,95233
~|1 1643000,125 418316394576,9821|2 1855539,875 418703095470,6964|3 1758055,875 533891276120,9821|4 1762059 533010214042,8571|5 1591463,125 278236899620,6964|6 1769543,25 530478670757,0714|7 1850218,25 430035852457,0714|8 1760543,75 533382485425,0714
0 2063415,5 1055011391548,2858|1 1735299,5 782418243594|2 2084693,75 996219872534,7858|3 1870376,25 1162838869734,7856|4 1995678,625 1180148658927,125|5 1793080,375 991086518976,5536|6 1885539,75 1182111695564,5|7 2088421,875 984960208050,4108|8 1941179,375 1212309569482,5535